0.1 1000
10 2000000
15 1700000
20 3000000
25 1600000
30 2500000
35 1300000
40 1700000
45 900000
50 500000
55 600000
60 700000
65 1700000
70 1900000
75 2100000
80 980000
85 1800000
90 1700000
95 2050000
100 1000000
105 3200000
110 4500000
115 6800000
120 7900000
125 7500000
130 7400000
135 8600000
140 6900000
145 6800000
150 4700000
155 7200000
160 6600000
165 5400000
170 5100000
175 5000000
180 4300000
185 3700000
190 3600000
195 3700000
200 3000000
205 3100000
210 3900000
215 4300000
220 3500000
225 3900000
230 3800000
235 2800000
240 2600000
245 3400000
250 2200000
255 3200000
260 1600000
265 3800000
270 3100000
275 2700000
280 1900000
285 3500000
290 2400000
295 2900000
300 1700000
305 3700000
310 3000000
315 2100000
320 2800000
325 1800000
330 3300000
335 2600000
340 2500000
345 1500000
350 3400000
355 2200000
360 2900000
365 1900000
370 3100000
375 2300000
380 2700000
385 1600000
390 3600000
395 3000000
400 2000000
405 2500000
410 3200000
415 2400000
420 1800000
425 3800000
430 2900000
435 2200000
440 3700000
445 2100000
450 2600000
455 1700000
460 3500000
465 2800000
470 2300000
475 3300000
480 1900000
485 3100000
490 2700000
495 1500000
500 3900000
505 2500000
510 3600000
515 2000000
520 3000000
525 1600000
530 3400000
535 2200000
540 1800000
545 3200000
550 2400000