0.1 1000
10 2000000
15 1700000
20 3000000
25 1600000
30 2500000
35 1300000
40 1700000
45 900000
50 1500000
55 1600000
60 1700000
65 1700000
70 1900000
75 2100000
80 980000
85 1800000
90 1700000
95 2050000
100 1000000
105 1320000
110 1450000
115 1680000
120 1790000
125 1750000
130 1740000
135 1860000
140 1690000
145 1680000
150 1470000
155 1720000
160 1660000
165 1540000
170 1510000
175 1500000
180 1430000
185 1370000
190 1360000
195 1370000
200 1300000
205 1310000
210 1390000
215 1430000
220 1350000
225 1390000
230 1380000
235 1280000
240 1260000
245 1340000
250 1220000
255 1320000
260 1600000
265 1380000
270 1310000
275 1270000
280 1900000
285 1350000
290 1400000
295 1100000
300 1700000
305 1170000
310 920000
315 800000
320 800000
325 800000
330 700000
335 600000
340 500000
345 500000
350 400000
355 200000
360 90000
365 80000
370 100000
375 100000
380 70000
385 60000
390 60000
395 30000
400 20000
405 25000
410 32000
415 24000
420 18000
425 8000
430 7000
435 5000
440 0
445 0
450 0
455 0
460 0
465 0
470 0
475 00
480 0
485 0
490 0
495 0
500 0
505 0
510 0
515 0
520 0
525 0
530 0
535 0
540 0
545 0
550 0